222222222222222222222222222222222222222222222222221111111111111111111122222222222222222222222222222222222222222222222222222222222222222222222222222222222222222222222222221111111111111111111122222222222222222222222222222222222222222222222222
200000000000000000000000000000000000000000000000000000000000000000000000000000000000000000000000000000000000000000000000000000000000000000000000000000000000000000000000000000000000000000000000000000000000000000000000000000000000000000000002
200000000000000000000000000000000000000000000000000000000000000000000000000000000000000000000000000000000000000000000000000000000000000000000000000000000000000000000000000000000000000000000000000000000000000000000000000000000000000000000002
200000000000000000000000000000000000000000000000000000000000000000000000000000000000000000000000000000000000000000000000000000000000000000000000000000000000000000000000000000000000000000000000000000000000000000000000000000000000000000000002
200000000000000000000000000000000000000000000000000000000000000000000000000000000000000000000000000000000000000000000000000000000000000000000000000000000000000000000000000000000000000000000000000000000000000000000000000000000000000000000002
200000000000000000000000000000000000000000000000000000000000000000000000000000000000000000000000000000000000000000000000000000000000000000000000000000000000000000000000000000000000000000000000000000000000000000000000000000000000000000000002
20B000000000000000000000000000000000000000000000000000000000000000000000000000000000000000000000000000000000000000000000000000000000000000000000000000000000000000000000000000000000000000000000000000000000000000000000000000000000000000000B02
211100000000000000000000000000000000000100000000000000010000000000000001000000000000000000000000000000000000000000000000000000000000000000000000000000000000000000000000100000000000000010000000000000001000000000000000000000000000000000001112
211111111111110000000000000000000000000100000000000000010000000000000001000000000000000000000000000000001100000000000000000000000000001100000000000000000000000000000000100000000000000010000000000000001000000000000000000000000011111111111112
211111111111111111111111000000000000000100000000000000010000000000000001000000000000011000000000000000001100000000000000000000000000001100000000000000000110000000000000100000000000000010000000000000001000000000000000111111111111111111111112
111111111111111111111111111111111111111111111111111111111111111111111111111111000000011000000000011000000000000011111111111111110000000000000110000000000110000000111111111111111111111111111111111111111111111111111111111111111111111111111111
111111111111111111111111111111111111111111111111111111111111111111111111111111100000000000000000011000000000000111111111111111111000000000000110000000000000000001111111111111111111111111111111111111111111111111111111111111111111111111111111
111111111111111111111111111111111111111111111111111111111111111111111111111111110000000000000000000000000000001111111111111111111100000000000000000000000000000011111111111111111111111111111111111111111111111111111111111111111111111111111111
111111111111111111111111111111111111111111111111111111111111111111111111111111111444444444444444444444444444411111111111111111111114444444444444444444444444444111111111111111111111111111111111111111111111111111111111111111111111111111111111
111111111111111111111111111111111111111111111111111111111111111111111111111111111111111111111111111111111111111111111111111111111111111111111111111111111111111111111111111111111111111111111111111111111111111111111111111111111111111111111111
333333333333333333333333333333333333333333333333333333333333333333333333333333333333333333333333333333333333333333333333333333333333333333333333333333333333333333333333333333333333333333333333333333333333333333333333333333333333333333333333

 
 
 
 
 
 
 
 
 
 
 
 
 
 
 
